time,x,y,z,phi,theta,psi,x_velocity,y_velocity,z_velocity,phi_velocity,theta_velocity,psi_velocity,rotor_speed1,rotor_speed2,rotor_speed3,rotor_speed4
0.06,9.303614387823686e-08,1.1606597881070463e-08,10.003830701242848,6.282792899502477,6.282939105632229,0.0,1.4448547324260385e-05,-1.5034149211929615e-05,0.1276835445131219,-0.024708124826427817,-0.013926863328604223,0.0,446.09593555115566,444.9575395924392,446.6753124028184,444.6562213772703
0.12000000000000001,1.2704916394368352e-05,-2.082645742131764e-05,10.023708852581004,6.280933416718682,6.282272014208502,0.0,0.0005159647619160442,-0.0009192271063551004,0.5348213371899138,-0.04812431650683042,-0.006021600363558708,0.0,524.9348788263527,525.4832076628293,526.4910723622294,524.8684799042255
0.18,6.67530133485638e-05,-0.00014146364965600297,10.061607434836857,6.277897438298265,6.281774615726498,0.0,0.001334772061987644,-0.0034442467833749706,0.7283599136989022,-0.05607519962034535,-0.013263913535022303,0.0,465.8820934866312,465.3156848928101,466.6345894501098,466.01208849658565
0.23999999999999996,0.00017983755859215457,-0.0004739157867332135,10.109079251855553,6.273949155173799,6.2813173476667785,0.0,0.0024988727121989136,-0.008001725355734646,0.8539456620258058,-0.10609525692310721,0.0017788964089588905,0.0,445.20146645848905,446.4305162007517,447.2470989678885,443.1506584843819
0.3,0.00036649483858225326,-0.001160524230593823,10.162482300746353,6.26753713038973,6.281166370265108,0.0,0.0037233379094604936,-0.015509936664666681,0.9260927428498764,-0.10845580170701748,-0.012903742235036857,0.0,429.2362456373473,427.9886086419763,428.9769809189352,428.7660306336728
0.36000000000000004,0.0006356197182934059,-0.0024487612755769955,10.221604876275556,6.260912557447659,6.280551411608911,0.0,0.005319541637400607,-0.028116933925097044,1.044546040700171,-0.11463115750167525,-0.005408595079123243,0.0,443.1306362403334,443.74637649864934,444.08675771926966,443.56915693909013
0.4200000000000001,0.001004927065839727,-0.0045733963802107175,10.285198121189515,6.253837354719058,6.280086381814918,0.0,0.007026419553110444,-0.04334266451804121,1.0751840687396947,-0.1254698058924507,-0.01290235837187453,0.0,416.08496359438715,415.4285746430173,415.7142964688976,414.7499189288893
0.48000000000000015,0.0014901088388330139,-0.0077760811852856816,10.351630123271292,6.2459591184529035,6.279087264256098,0.0,0.0092305773272969,-0.06415260240634671,1.139129464694126,-0.1467197094585156,-0.02546601580674326,0.0,427.4248041139729,426.3529109101761,427.2202928512254,425.38771818536856
0.5400000000000001,0.0021331554091058944,-0.012423555896626992,10.422858795698609,6.236685240233964,6.278198325225487,0.0,0.012320683260116122,-0.09166713912755949,1.235022158514627,-0.1788056299472273,0.0007546906777061626,0.0,436.2815255932305,438.465107357884,438.148325658464,435.4487714248557
0.6000000000000002,0.0029790815990514623,-0.018961010193570816,10.50069062956228,6.226361991653668,6.278118841366689,0.0,0.015877561711279582,-0.1273498162252968,1.3591746758820276,-0.16116229153056855,-0.005847119277660667,0.0,446.5356689361455,445.99687666682496,445.64462934420897,447.055738111751
0.6600000000000003,0.004040893919661843,-0.0278474599423164,10.585803929394324,6.216474415545806,6.277483036220023,0.0,0.019564775315287303,-0.16987977075419108,1.4777236072769568,-0.17326338425699922,-0.022371335430420147,0.0,445.26440415685005,443.91074333636925,445.9079874176491,444.892401685544
0.7200000000000003,0.00532686758463626,-0.039331885054750555,10.675601185384755,6.205536685321508,6.276140177068601,0.0,0.0234255427108328,-0.21390780117174532,1.515394129607867,-0.2144580462676706,-0.022400291594015992,0.0,419.2410299350975,419.2384550007896,421.36896277199617,417.7563266729001
0.7800000000000004,0.0068852962380466405,-0.053855276934948265,10.769919406052283,6.19257999676717,6.275597035837176,0.0,0.028610533956495637,-0.27153461197251333,1.6282727409493039,-0.2190915798115616,0.009279718553853507,0.0,443.1934842611183,445.78953024693254,443.74744529505733,443.3207328644755
0.8400000000000004,0.008784405815363713,-0.07241195781038144,10.87421979585235,6.179200522109788,6.275860777653328,0.0,0.03463824247009211,-0.34857672088729813,1.8479126702956847,-0.23220756509051182,-0.007805627544835325,0.0,478.0880491199083,476.7845517107828,477.0866982254924,476.03840273162695
0.9000000000000005,0.011051227151761914,-0.0960384036530621,10.992777668593533,6.165098852604613,6.275655849083124,0.0,0.040959864325055044,-0.44067580820814917,2.103368200143382,-0.24135316819912858,0.0041701788935916044,0.0,487.41561318236836,488.30979975370406,489.3571513594175,488.6262635318948
0.9600000000000005,0.013662846694227605,-0.1249774119535667,11.121898092621972,6.150828693182728,6.276667158881541,0.0,0.04602012324867017,-0.5253945078919228,2.2002582702269082,-0.23160649310261386,0.034538915669879,0.0,440.78583712217755,443.2882764571327,441.6245221865107,442.3708222593228
1.0200000000000005,0.016560246465239212,-0.15949350535192763,11.258281616389741,6.136944725366384,6.278871671620291,0.0,0.05032287114533553,-0.6266120271676573,2.345329499400242,-0.23098938880699507,0.04081824999183919,0.0,457.23026044330635,457.7308061561154,458.34450763586534,458.3420462603222
1.0800000000000005,0.019656270962765347,-0.20006089732932547,11.401136239419351,6.123019190512336,6.281786203244151,0.0,0.05260887240834931,-0.7269690662179993,2.416096283760045,-0.23438983410958514,0.060768796729880156,0.0,435.49182209823783,437.15879810540196,435.1430825902001,434.8033986164705
1.1400000000000006,0.022827931867369172,-0.2471288861610882,11.549422213944553,6.109030310655015,0.0024172567381448573,0.0,0.05272077115783212,-0.8433754819851107,2.5262347497737574,-0.23077783300700835,0.06874743823921427,0.0,448.9344697483122,449.58426287167913,448.82986029523454,449.0693703710175
1.2000000000000006,0.025910995511320912,-0.3021501407808806,11.708044996885883,6.095288499300066,0.0067262166913808485,0.0,0.049527132023472385,-0.992246260397228,2.760267459656751,-0.22575191962252386,0.07733542092839897,0.0,487.69609164067856,488.3405520670836,487.2004092665982,487.52893680090745
1.2600000000000007,0.02870485746873035,-0.36611810001856676,11.878961793535517,6.082413420849466,0.01155971571073966,0.0,0.0430584228706286,-1.1414180010393795,2.9361328633678547,-0.19848100941945693,0.08632670257871532,0.0,472.30384381461204,473.001567113633,471.08926381429586,473.1499373747846
1.3200000000000007,0.031064401871765155,-0.43820772554857623,12.054925071720152,6.070468044651694,0.017276906917217616,0.0,0.035110398526346544,-1.2626003055319355,2.9290214783213666,-0.20033329795051963,0.10893529503521847,0.0,414.03469574801187,416.0272771294275,416.00749345295407,415.8034794382612
1.3800000000000008,0.032819086519844415,-0.5180343355250461,12.231577694164939,6.058125174477464,0.023959037950925577,0.0,0.022761618067963413,-1.3993803651592607,2.958958231294172,-0.21952326374678904,0.11583508630312203,0.0,427.95796402836106,428.556341737125,429.97304964129074,428.30037196235656
1.4400000000000008,0.03371712938766777,-0.6061912410304019,12.409480851088748,6.045087520973745,0.03055942330216954,0.0,0.006554310002070573,-1.5403369386866712,2.970706716138349,-0.21317935117391268,0.09460591022918276,0.0,423.38643171187107,421.56708313618617,424.5528849882557,425.04777007728853
1.5000000000000009,0.03340590780842432,-0.703940769702776,12.59168594438622,6.032215721581503,0.03594386038836639,0.0,-0.017521736766545434,-1.7192497860109388,3.1019200474633517,-0.21737271727524402,0.07761106825602314,0.0,464.012326431828,462.6824833366933,463.5616394804428,463.1885919275471
1.560000000000001,0.03138172718758102,-0.8137487810593524,12.785702456889497,6.019471081595171,0.04053769190516565,0.0,-0.0505159930864902,-1.9424190022395438,3.3638735528887875,-0.20399415527123027,0.07438390179167796,0.0,503.7070009625302,503.47744128907664,504.3308412850878,505.25749402191036
1.620000000000001,0.027471049744486584,-0.935919522657622,12.990366011898718,6.007076145444927,0.044669518032493194,0.0,-0.08027220894307095,-2.131086345570692,3.4573776397507414,-0.2123274747114542,0.054553061661029585,0.0,456.40463625274293,454.8224093874571,457.35592718246585,456.65091091831636
1.680000000000001,0.02178042519080933,-1.0691371766182722,13.19868446822858,5.9942815195823,0.04783523131312073,0.0,-0.10970701665417361,-2.310626844032859,3.4858967305384834,-0.2151388121438326,0.04891617478804187,0.0,437.1277713715634,436.65961511582316,437.43401381395654,437.1541269846717
1.740000000000001,0.01433970698339762,-1.2129236309519968,13.407135831435147,5.981668728572448,0.05090265303608543,0.0,-0.13857173118556768,-2.4833305675181387,3.4619775367214416,-0.20184951104565552,0.05520737571935648,0.0,420.6744379251847,421.2207186687376,420.12762914586574,421.2319553173171
1.8000000000000012,0.004832899691093858,-1.3689132099843957,13.619241894930628,5.96937506270142,0.05399520481717879,0.0,-0.1786456398943748,-2.717462781542744,3.60698091643326,-0.21179745809434564,0.04296725743664647,0.0,478.1435908906251,477.2116050287496,477.01932072085515,476.2207414359123
1.8600000000000012,-0.007084294640810437,-1.5388803324971563,13.838864197723687,5.957063324419201,0.056491306986542256,0.0,-0.21882878172990955,-2.949233463905649,3.7125972543346073,-0.19450422509087748,0.03872112318625608,0.0,468.4061125415046,468.07658351609007,466.1924196185976,467.50237298500167
1.9200000000000013,-0.02134018677884747,-1.7223086241030001,14.062635916388329,5.945033276347267,0.05864733412404277,0.0,-0.2565587397501363,-3.166056832087632,3.7455806021385203,-0.21650109994500644,0.029679160488858033,0.0,446.9090196666552,446.1719003627901,447.5030181802009,445.66884073560834
1.9800000000000013,-0.03783181669028208,-1.9186037708555328,14.287200776073108,5.932190382548917,0.06032254635356793,0.0,-0.29329942564481937,-3.3781978893601257,3.7391224602334567,-0.20955319920273108,0.024147913549179896,0.0,435.6672151435677,435.20465554869173,434.9846295556862,435.519836271214
2.0400000000000014,-0.05651314862557532,-2.127614673481668,14.51059474865267,5.919425998047011,0.0615416819467951,0.0,-0.3295131842739921,-3.5898810839285775,3.70663023095688,-0.22001170324231312,0.01128233802982736,0.0,429.5767399364938,428.4842430803936,427.8378930255882,426.899577548214
2.1000000000000014,-0.07768410373790915,-2.3512876225056427,14.736444110658637,5.905707227565106,0.06225251711822022,0.0,-0.37620180877272535,-3.86702908909047,3.8201537004558204,-0.25770583110845485,0.012953792563540286,0.0,478.7076629868411,478.83471296597963,479.2444970329634,476.3205085182123
2.1600000000000015,-0.10120051309336657,-2.589103308146793,14.961953016062877,5.89078377866176,0.06298849133183015,0.0,-0.4077375815910448,-4.061337043225768,3.696346170675616,-0.2350649471887212,0.010854430256182964,0.0,401.1737679581511,400.98296199004955,398.541601078765,400.535682454511
2.2200000000000015,-0.1269356474725342,-2.8407304502170567,15.184545280915081,5.876621096586163,0.06357336497137833,0.0,-0.4501174137218683,-4.327385269485416,3.722113180586117,-0.2380757085491795,0.007437510645638266,0.0,454.42045512007655,454.14630657431775,455.18894340441346,454.8937497640252
2.2800000000000016,-0.1553608117946017,-3.1094475817975327,15.410482874615408,5.862169338465812,0.06520097214032106,0.0,-0.4974501262995266,-4.631003039698271,3.8074159347409036,-0.24710326874090963,0.05081932060786711,0.0,474.62511811092907,477.94356703703954,478.3644071657378,477.622739062299
2.3400000000000016,-0.18632339658202787,-3.3945319159464047,15.636566274571196,5.847946422080193,0.06890313601796372,0.0,-0.5349016971120772,-4.872927841585684,3.7277823600988573,-0.22215856702607387,0.07752042484013766,0.0,424.25374661582265,426.5433206584992,423.2032506893615,425.28552198802606
2.4000000000000017,-0.21972659389818347,-3.695146275453465,15.859385795221536,5.834444809793421,0.07367677103139769,0.0,-0.5789289059554057,-5.1485725124972435,3.698287128134443,-0.23147484332118534,0.08335483586004823,0.0,446.21342605679166,446.6945782180033,443.80115321156376,442.9851497404752
2.4600000000000017,-0.25606668576895936,-4.013760049784075,16.08276256259974,5.820869240287948,0.07845864864531293,0.0,-0.6328401396909201,-5.472873086540115,3.7457756519696357,-0.21747911262167138,0.07114731151278132,0.0,474.8288432461378,473.8958755810589,473.2783251205587,474.3069335343258
2.520000000000002,-0.2953044038470329,-4.349662974250382,16.303907355580346,5.80739114145778,0.08284458674237882,0.0,-0.67540374858175,-5.724908736570664,3.624839373964659,-0.24541338491114348,0.07673957329966302,0.0,419.0224815790552,419.5129410007596,420.0016704834447,417.5166008399849
2.580000000000002,-0.33739682974351026,-4.702188351481801,16.520092934691792,5.792116723937019,0.08751072892248146,0.0,-0.7280363880468034,-6.026988455951012,3.579802101689472,-0.2878108238422643,0.07975117574350511,0.0,448.6051211704164,448.8543861997603,451.2440597314141,447.7404027230511
2.640000000000002,-0.38250089689906147,-5.071887948746215,16.73107255476489,5.775341860249766,0.09217462080559002,0.0,-0.7757675879972475,-6.297515364022478,3.451614062218211,-0.2668253087952757,0.07335375932523786,0.0,422.56980124875196,422.02297629742463,422.07886858138994,423.8024099057066
2.700000000000002,-0.43064700298371367,-5.458644309774672,16.935165489358948,5.759681455318958,0.09621165832175826,0.0,-0.8294010921765937,-6.5954444428483265,3.350009864827351,-0.25138057891940746,0.050980366491061684,0.0,435.8846326780021,434.0138119037764,436.01263346117577,437.2311528362485
2.760000000000002,-0.48214787103647994,-5.863929612712711,17.13361931903634,5.744693939718388,0.09912687616572757,0.0,-0.8874778996157935,-6.915062168521728,3.263466949072096,-0.2467962871253855,0.043311845156905296,0.0,444.8499657194658,444.22288051705556,445.43184907071685,445.7442866625181
2.820000000000002,-0.5371449607310637,-6.288476297388299,17.326353005551322,5.730129313615027,0.10133207514023379,0.0,-0.9458896301757352,-7.237456256228422,3.159350819809457,-0.2356832839697367,0.018516500748104604,0.0,443.3041284239562,441.2620618563948,442.72466938086933,443.5790785371776
2.880000000000002,-0.5957740729006612,-6.7331280062860674,17.51342604235221,5.716484314348834,0.10209048101752494,0.0,-1.008400057349382,-7.585127797868178,3.074568063031464,-0.2146110732092929,-0.002954177014217861,0.0,454.30450051895696,452.5791760885856,453.73311565835866,455.37147161014246
2.940000000000002,-0.6579224174592747,-7.197649009846331,17.693226654059412,5.7035237064722,0.10208290557960265,0.0,-1.0631468648906999,-7.899820851698387,2.9173863987922504,-0.21896056974524553,0.00500243216300876,0.0,430.1752929628811,430.8487109115988,432.158528377488,431.7440332534293
3.000000000000002,-0.7236944432741823,-7.683111574355119,17.866155702239016,5.690103373444682,0.10254347117809282,0.0,-1.12915810065217,-8.282984641535045,2.8447304326135643,-0.23529938461608568,0.012548972180018787,0.0,465.86731767471116,466.4570497170153,468.0709209112452,466.7500123248562
3.0600000000000023,-0.7931201151891751,-8.190126200128217,18.0319359386091,5.675566122485661,0.10420450030116868,0.0,-1.1850547337987485,-8.618397482219054,2.67954505081115,-0.2623026485754616,0.047670958452541004,0.0,435.9532607759461,438.8791448834793,438.82715304040346,436.5182852684259
3.1200000000000023,-0.8659560341624352,-8.717675174419087,18.187764939638907,5.659714145758279,0.10725998751818455,0.0,-1.2429455100634719,-8.967448704583408,2.512743472051755,-0.26828248663455684,0.056744226324016184,0.0,441.14973820224765,441.9001750483673,442.30254450857893,441.7387893571566
3.1800000000000024,-0.9422545667478575,-9.266118042821889,18.33286036749196,5.64422613863718,0.11164334506130569,0.0,-1.3005476175350026,-9.31484355862675,2.3217638615287357,-0.24314044679725458,0.09406150030480108,0.0,435.97147732470216,439.08313974717987,436.81605856880105,438.83935507494056
3.2400000000000024,-1.022066321940301,-9.83559743776384,18.466121976572797,5.6296171657603296,0.1172114088703129,0.0,-1.3601648700756557,-9.668600780983848,2.1182640991911574,-0.24417523696889698,0.09015493164032123,0.0,437.56054345619077,437.24251297134117,438.8595487112214,438.71348529157655
3.3000000000000025,-1.105581657273391,-10.426790953986108,18.58718490183411,5.615359666167517,0.12230384676172346,0.0,-1.4239604042054324,-10.038577036537728,1.9149560842815665,-0.22700471594710184,0.0713840207993233,0.0,445.3105744066304,443.77773704299335,442.439499447915,443.7945097799736
3.3600000000000025,-1.1932304957065527,-11.041612866499197,18.69722279796405,5.601919602446008,0.12630273102152412,0.0,-1.497835464177437,-10.455993621244069,1.7503017830906218,-0.21859394921355188,0.054923740337042365,0.0,464.93268547062075,463.64389115225146,465.8158737755657,466.42606988689795
3.4200000000000026,-1.2851282379798543,-11.680537045337733,18.79555817577848,5.588600490846289,0.12914247524133504,0.0,-1.5655145307202658,-10.842129931256256,1.5252113045610591,-0.22980001748595805,0.02436296273393789,0.0,449.93362121633334,447.4529257414181,448.18833457441934,447.2276657475453
3.4800000000000026,-1.3814412008876302,-12.344472076682134,18.881950624072562,5.574750370571879,0.13072217692640642,0.0,-1.6448081797095242,-11.289401692787417,1.3514727937521107,-0.23298641740721593,0.029994369605978566,0.0,474.4724057449179,474.90478374900596,476.1566298266232,475.863561902985
3.5400000000000027,-1.4820777219375707,-13.033268349067491,18.95491620288163,5.561122224002347,0.13276637013261983,0.0,-1.7097315432779578,-11.671154349957074,1.078307303995388,-0.21746278389102097,0.041177227519684126,0.0,443.1189286421152,444.0380802784456,442.25826400668626,443.4838060107455
3.6000000000000028,-1.5869634320121102,-13.746853291389145,19.01297607181676,5.547695059916052,0.13504042103088842,0.0,-1.7864137689810797,-12.115356988968331,0.8539457645612886,-0.24103165794747278,0.030377940665394176,0.0,470.71871760506934,469.8825604436804,471.4101599707541,469.5373273833538
3.660000000000003,-1.6964091660616354,-14.487027991982089,19.056793732179028,5.533216483703082,0.1368024846499054,0.0,-1.861666007835018,-12.557462968713647,0.6034161753466574,-0.2418702038402059,0.027266994661111914,0.0,468.6106374027112,468.36886749051496,468.4719135477566,468.3517573379649
3.720000000000003,-1.809804759895112,-15.251113546124623,19.082057997817508,5.518353851205077,0.1385536811342183,0.0,-1.9181682365050778,-12.912871327180108,0.2363577795372605,-0.2631261222409212,0.03277261121670534,0.0,426.75077556557545,427.22096037884984,428.31688376150265,426.4395013348474
3.780000000000003,-1.9272236657730466,-16.039849273820696,19.08808257764154,5.502116846502194,0.14008696256357034,0.0,-1.9956240153834508,-13.37843395235506,-0.039289597166366,-0.29297708886322965,0.004423870126727125,0.0,475.9417124152996,473.76626445128875,476.02152059733197,473.66045394670175
3.840000000000003,-2.048715865737736,-16.85389223560351,19.074142646158908,5.4842453334642585,0.14045833428666388,0.0,-2.05394125977908,-13.756851701132682,-0.4284035583577773,-0.31000985538283565,0.009505752928903773,0.0,436.028321429205,436.4527604698122,436.7216597456269,435.20511307780316
3.900000000000003,-2.1747916282580193,-17.696428300804577,19.041728747979384,5.4655521196322265,0.1412806072605406,0.0,-2.1481119963536948,-14.326923221770699,-0.6574106078607367,-0.31482564112999145,0.021000866755631464,0.0,514.6784379849604,515.4915391309045,514.5042934177235,514.0783627841379
3.960000000000003,-2.3056867710236,-18.56921075928954,18.990952742586597,5.446732414811656,0.14241270695763575,0.0,-2.2148052751737337,-14.76572732976618,-1.0391586747131214,-0.31143583053436463,0.014220466137532304,0.0,464.51676868091926,463.9844418991758,465.12934754759266,465.2991694994594
4.020000000000002,-2.440233717702502,-19.46676275095064,18.915073234091828,5.428075121108545,0.1430445642174405,0.0,-2.2698840103605864,-15.15285581238017,-1.4937186314408382,-0.3100124545225464,0.0018836054925377163,0.0,444.05434411752526,443.04054242456067,443.0308714531322,443.04888886797147
4.080000000000001,-2.57768756298532,-20.385724779595872,18.80959178047155,5.409474789218354,0.14345669930822424,0.0,-2.3117738843893334,-15.479770264114912,-2.025359172070408,-0.30999172537478115,0.015332533288226452,0.0,416.0588032610706,417.23519534625046,416.2248440656645,416.12139021325646
4.14,-2.7179591301643167,-21.326169612414795,18.673048229675377,5.3907014624856195,0.14426092764559684,0.0,-2.363718199189443,-15.868435762408206,-2.529949397670221,-0.3194042041741888,0.009236816846046228,0.0,441.66752677933465,441.16411175255826,442.3002038256359,441.42302594032464
4.199999999999998,-2.8615001396990554,-22.291015689926823,18.50629927789338,5.3712577793989205,0.14499993099266462,0.0,-2.420660340471754,-16.292725475564293,-3.032800738285544,-0.33550625542256246,0.01785718865430998,0.0,456.1638616291741,456.8519545698504,456.66143916848637,455.2692416046656
4.259999999999997,-3.0082125624637,-23.280254201069383,18.307712560881832,5.351512668020344,0.145672954754426,0.0,-2.469474430427181,-16.68158936002589,-3.591073609137922,-0.31864448735511497,-0.0073643329651954855,0.0,443.92217995000203,441.8465050710448,443.1081030466145,444.38125117383487
4.319999999999996,-3.1581388812954003,-24.294661777688066,18.076148143098138,5.333658541714684,0.14608317377703983,0.0,-2.527655345328764,-17.131305732964474,-4.13272941649653,-0.27291990579252934,0.025976864333693554,0.0,466.5142683341523,469.11177895056636,465.9532748069269,469.42755675313896
4.379999999999995,-3.3106713711837954,-25.33144995385379,17.80789079996681,5.317132148765751,0.14810618426866373,0.0,-2.5566926789038615,-17.429082300610172,-4.81273039520661,-0.2810128213615135,0.04588972819243594,0.0,408.13136315781406,409.9064745659607,408.06392471884595,407.2559417560398
4.439999999999993,-3.465610821288716,-26.389991393439228,17.50065819542097,5.300254076403883,0.15061425894877356,0.0,-2.6076963369181967,-17.855168297614455,-5.43343935350983,-0.28188288074575535,0.03202486342867285,0.0,458.56605977722717,457.4635870083361,457.9410265908535,457.79414095732085
4.499999999999992,-3.6230216805344897,-27.47108337368796,17.153206709344623,5.283058262400932,0.15225697197803534,0.0,-2.639170737029269,-18.181576877341932,-6.152672313268341,-0.2982229346237496,0.015928402306870464,0.0,421.53846836759715,420.1445136309096,420.2750245684699,418.7660962852767
4.559999999999991,-3.7819937632049445,-28.57022300386815,16.760670181404944,5.266080781756539,0.1534484368751734,0.0,-2.659785314290454,-18.457123883975523,-6.936115884494512,-0.26288995530496284,0.026741441303337915,0.0,398.2597635371523,399.24826854257253,396.2908845409551,399.4342469805251
4.6199999999999894,-3.942485706170544,-29.687731074387987,16.32127497023198,5.250221450086798,0.1553634610027741,0.0,-2.6897638645422135,-18.79356684106813,-7.715428479610311,-0.2673453443770317,0.04065363203773618,0.0,420.7158796539963,421.919936008108,420.8832343797888,420.4223802901546
4.679999999999988,-4.105879591946467,-30.831751348560385,15.837774684526254,5.2340093846635405,0.15803719924379322,0.0,-2.7561729165943976,-19.338712889082693,-8.408545458089097,-0.27661421317652846,0.0514128543307595,0.0,495.4789304905351,496.2706275179485,496.78503972235256,496.0390525953307
4.739999999999987,-4.272890049794512,-32.006703041851765,15.310377382341942,5.218201615957993,0.16103748048351463,0.0,-2.8103899075550216,-19.825049698465392,-9.178535413976942,-0.2453519481097974,0.04702923929030046,0.0,480.27981502908597,479.9483852517592,479.26607119787434,481.57218848282395
4.799999999999986,-4.441745327723553,-33.20351742800143,14.731414456796847,5.2031683987332045,0.16343236483949664,0.0,-2.818071848780908,-20.070254967058762,-10.125647640323523,-0.263751733455156,0.019268059868709993,0.0,394.156214811914,391.5811121109099,392.31671196081874,390.5301393726505
4.859999999999984,-4.6119278245808415,-34.42003427745216,14.096982354710686,5.188206676282984,0.16467715272949235,0.0,-2.85427112660248,-20.479963921570686,-11.029444594291741,-0.23007962705679752,0.023550205514895634,0.0,452.19471166703266,452.5397370184975,450.74797932234634,453.40009241542833
4.919999999999983,-4.784283346423309,-35.66152685563018,13.40702165552446,5.174358224656805,0.165942157935703,0.0,-2.890517999779294,-20.903058094978476,-11.977166930285197,-0.2323015561265595,0.015627225436770302,0.0,457.8488706809282,457.21763124351713,457.01540102626603,456.78672577421344
4.979999999999982,-4.9590242225846675,-36.92995795870692,12.659323669455349,5.16006368045686,0.1668318331838199,0.0,-2.9336352647526627,-21.377292441794104,-12.955087264364181,-0.2540282964341077,0.0131794392530097,0.0,475.742655912195,475.5549497945241,475.3268092825332,473.6042986410766
5.0399999999999805,-5.135811104909219,-38.22439525313033,11.849988339217967,5.144286899945445,0.16747880608080123,0.0,-2.9588103205950693,-21.770388274145404,-14.031899587115495,-0.2941070292891506,0.005498087298700527,0.0,449.9115450482252,449.28862585066395,450.05369557854755,446.7237901934049
